time = 0 
relative err of Conc = 0 
dEdt = 7.990417e+46 
relative error of Current = 1.185836e+31 
dCdt = 1.346586e+35 
Current_total = 6.566379e+27 
Energy_err = 5264588697747298 
Energy_t = 5264588697747298 
 
time = 1.000000e-04 
